x = 5.987600
y = 512.64801
x = 5.987600
y = 512.64801
